gGSP
73.964
