gGSP
36.81
