gGSP
42.663
