gGSP
37.405
