,"""A1""","""A2""","""A3""","""A4""","""A5""","""A6""","""A7""","""A8""","""A9""","""A10""","""A11""","""A12""","""A13""","""A14""","""A15""","""A16""","""A17""","""A18""","""A19""","""A20""","""A21""","""A22""","""A23""","""A24""","""A25""","""A26""","""A27""","""A28""","""A29""","""A30""","""A31""","""A32""","""A33""","""A34""","""A35""","""A36""","""A37""","""A38""","""A39""","""A40""","""A41""","""A42""","""A43""","""A44""","""A45""","""A46""","""A47""","""A48""","""A49""","""A50""","""A51""","""A52""","""A53""","""A54""","""A55""","""A56""","""A57""","""A58""","""A59""","""A60""","""A61""","""A62""","""A63""","""A64""","""A65""","""A66""","""A67""","""A68""","""A69""","""A70""","""A71""","""A72""","""A73""","""A74""","""A75""","""A76""","""A77""","""A78""","""A79""","""A80""","""A81""","""A82""","""A83""","""A84""","""A85""","""A86""","""A87""","""A88""","""A89""","""A90""","""A91""","""A92""","""A93""","""A94""","""A95""","""A96""","""A97""","""A98""","""A99""","""A100""","""A101""","""A102""","""A103""","""A104""","""A105""","""A106""","""A107""","""A108""","""A109""","""A110""","""A111""","""A112""","""A113""","""A114""","""A115""","""A116""","""A117""","""A118""","""A119""","""A120""","""A121""","""A122""","""A123""","""A124""","""A125""","""A126""","""A127""","""A128""","""A129""","""A130""","""A131""","""A132""","""A133""","""A134""","""A135"""
radius,G,G,A,G,C,A,U,C,G,U,G,U,C,U,C,A,A,G,U,G,C,U,U,C,A,C,G,G,U,C,A,C,A,A,U,A,U,A,C,C,G,U,U,U,C,G,U,C,G,G,G,U,G,C,G,U,G,G,C,A,A,U,U,C,G,G,U,G,C,A,C,A,U,C,A,U,G,U,C,U,U,U,C,G,U,G,G,C,U,G,G,U,G,U,G,G,C,U,C,C,U,C,A,A,G,G,U,G,C,G,A,G,G,G,G,C,A,A,G,U,A,U,A,G,A,G,C,A,G,A,G,C,U,C,C,mean,std dev
2.0,0.038,0.017,0.039,0.031,0.038,0.044,0.02,0.086,0.049,0.023,0.065,0.044,0.059,0.05,0.037,0.015,0.055,0.056,0.032,0.021,0.073,0.061,0.281,0.181,0.029,0.013,0.024,0.039,0.016,0.066,0.035,0.025,0.082,0.318,0.24,0.036,0.042,0.131,0.099,0.08,0.05,0.031,0.012,0.014,0.063,0.041,0.084,0.042,0.014,0.042,0.042,0.015,0.019,0.016,0.044,0.026,0.169,0.037,0.011,0.053,0.029,0.037,0.039,0.042,0.031,0.021,0.028,0.028,0.033,0.046,0.038,0.084,0.043,0.024,0.065,0.02,0.029,0.008,0.006,0.028,0.012,0.025,0.046,0.048,0.031,0.026,0.027,0.087,0.034,0.014,0.026,0.069,0.02,0.137,0.067,0.057,0.04,0.027,0.127,0.042,0.02,0.059,0.091,0.032,0.093,0.16,0.03,0.016,0.055,0.088,0.073,0.01,0.01,0.04,0.02,0.095,0.018,0.038,0.033,0.018,0.116,0.02,0.023,0.021,0.019,0.036,0.107,0.117,0.11,0.033,0.03,0.014,0.047,0.062,1.294,0.061,0.117
3.0,0.061,0.08,0.049,0.062,0.091,0.756,0.193,0.163,0.13,0.158,0.108,0.099,0.291,0.085,0.195,0.097,0.126,0.099,0.188,0.254,0.226,0.088,0.273,0.204,0.777,0.082,0.08,0.108,0.189,0.722,0.094,0.11,0.326,0.745,0.417,0.07,0.053,0.141,0.171,0.119,0.095,0.152,0.263,0.608,0.088,0.086,0.145,0.065,0.055,0.088,0.084,0.27,0.051,0.08,0.147,0.378,1.093,0.07,0.085,0.662,0.056,0.165,0.624,0.072,1.049,0.07,0.072,0.071,0.117,0.109,0.19,0.116,0.075,0.103,0.17,0.114,0.1,0.045,0.083,0.13,0.442,0.534,0.125,0.109,0.058,0.097,0.158,0.144,0.114,0.127,0.083,0.105,0.102,0.39,0.364,0.105,0.138,0.068,0.218,0.092,0.044,0.142,0.188,0.133,0.323,0.202,0.117,0.306,0.09,0.103,0.104,0.034,0.046,0.09,0.101,0.277,0.087,0.094,0.07,0.08,0.295,0.108,0.191,0.081,0.133,0.098,0.21,0.14,0.182,0.101,0.165,0.128,0.094,0.186,1.436,0.194,0.215
4.0,0.08,0.148,0.099,0.207,0.688,1.044,0.832,0.197,0.165,0.176,0.15,0.12,0.336,0.152,0.28,0.161,0.173,0.273,0.223,0.489,0.273,0.101,0.277,0.254,3.698,0.098,0.107,0.431,0.353,0.867,11.514,0.147,0.451,0.886,0.598,9.213,0.079,0.486,0.251,0.161,0.132,0.218,0.368,0.971,0.136,0.113,0.599,0.158,0.068,0.15,0.115,0.329,0.108,0.146,0.288,0.4,1.689,0.088,0.121,0.921,0.081,0.216,0.85,2.872,1.633,0.107,0.103,0.097,0.227,0.367,0.221,0.16,0.096,0.131,0.189,0.162,0.157,0.071,0.094,0.165,1.012,0.805,0.199,0.143,0.419,0.128,0.236,0.203,0.155,0.175,0.195,0.129,0.158,0.434,0.521,1.395,0.163,0.128,0.361,0.139,0.081,0.169,0.244,0.167,1.868,3.582,8.796,12.545,5.952,0.256,0.146,0.129,0.091,0.115,0.148,0.412,0.146,0.16,0.101,0.107,0.482,0.17,1.924,0.137,0.185,0.146,0.236,0.175,0.23,0.133,0.227,0.233,0.144,0.225,1.546,0.74,1.885
5.0,0.315,0.324,0.431,0.58,0.959,1.823,1.134,0.502,0.658,0.568,0.412,1.279,1.615,0.664,0.545,0.834,0.792,1.132,0.523,0.658,0.575,0.549,0.758,4.155,4.836,3.997,4.912,0.67,0.514,9.536,12.43,0.453,9.139,10.15,2.312,12.345,0.524,0.913,0.928,4.977,4.997,0.699,3.505,1.911,2.859,0.73,0.921,0.724,5.9,0.331,5.095,0.39,0.365,0.463,0.868,1.663,4.937,2.158,0.45,2.054,3.9,0.366,2.838,3.969,5.655,4.743,0.336,3.808,0.465,0.432,0.35,0.328,0.377,0.542,0.523,1.097,1.047,0.365,0.448,1.213,3.184,2.001,0.545,0.86,0.858,0.627,0.418,0.361,0.508,0.359,0.396,0.466,0.294,0.524,3.078,1.405,0.582,0.5,0.586,0.372,0.539,0.306,0.436,0.702,2.057,4.047,10.391,12.827,6.328,0.358,0.345,0.336,0.511,0.38,0.291,0.617,0.413,0.501,0.449,0.468,0.652,0.536,1.703,1.745,0.503,0.573,0.676,0.377,0.443,0.259,0.431,0.574,0.485,0.782,1.409,1.819,2.596
6.0,0.38,0.486,0.533,0.689,1.692,2.059,1.323,0.582,0.632,0.611,1.121,3.19,1.842,0.912,0.665,1.059,1.339,1.216,0.68,0.731,0.631,0.606,1.439,6.315,5.315,4.328,6.347,1.02,5.198,12.231,13.656,9.264,12.292,17.671,12.691,12.654,8.626,1.258,3.823,7.67,7.007,2.51,4.609,2.903,3.609,0.877,7.827,3.396,6.165,3.575,3.958,5.682,7.628,0.671,1.141,6.873,11.739,6.497,3.926,4.902,5.115,4.874,3.725,5.599,11.051,6.992,3.398,4.711,2.691,0.454,0.413,0.402,0.511,0.553,0.718,1.423,1.005,0.412,0.526,1.843,3.566,2.326,1.411,1.859,1.015,0.728,0.492,0.458,0.892,0.452,0.474,0.511,0.377,0.732,4.736,1.985,0.675,0.593,0.651,0.446,0.602,0.642,0.544,0.841,2.634,4.696,12.254,12.922,7.79,1.359,0.485,0.458,0.591,0.392,0.333,0.597,0.49,0.609,0.526,0.596,0.696,0.769,1.836,1.993,0.654,0.638,0.778,0.612,0.488,0.336,0.641,0.738,0.516,1.019,1.197,2.988,3.587
7.0,0.378,0.508,0.579,0.792,2.452,2.696,1.355,0.59,0.652,0.636,1.418,4.368,1.784,1.312,0.7,1.318,1.688,1.292,0.749,0.772,0.709,0.679,1.836,6.628,6.121,6.559,7.26,0.981,9.336,13.861,14.982,13.032,13.245,21.151,15.667,13.482,11.999,4.518,5.672,8.615,7.212,5.427,5.33,3.791,4.133,1.503,10.791,10.964,7.161,5.222,6.87,9.195,8.226,6.265,7.902,12.184,12.515,8.847,7.4,5.869,5.309,7.489,4.062,7.184,12.845,7.432,5.72,5.819,3.974,0.459,0.457,0.423,0.565,0.574,0.932,1.456,1.075,0.449,0.62,2.838,3.344,2.894,2.072,1.882,1.136,0.858,0.547,0.535,1.055,0.701,0.607,0.537,0.445,1.124,4.997,2.101,0.692,0.58,0.664,0.535,0.605,0.682,0.604,0.915,2.974,4.748,14.249,14.034,8.276,1.976,0.88,0.482,0.597,0.409,0.358,0.628,0.534,0.649,0.577,0.648,0.71,0.853,1.931,2.039,0.699,0.652,0.837,0.654,0.59,0.387,0.794,0.783,0.61,1.113,1.241,3.814,4.351
8.0,0.382,0.721,0.711,0.866,2.924,3.604,1.824,0.816,0.7,0.729,1.793,4.429,2.339,1.882,0.891,1.496,1.923,1.681,0.832,0.783,0.741,0.727,2.012,6.828,7.551,8.727,8.912,2.904,10.094,15.755,18.048,18.628,16.647,21.705,15.915,15.648,14.628,5.842,8.115,9.582,8.222,6.109,5.515,3.8,4.295,2.074,12.416,15.389,7.828,7.559,9.735,12.646,12.642,11.628,10.979,15.093,15.672,9.491,8.072,6.761,6.386,8.613,8.59,9.561,14.25,7.756,8.486,8.059,6.121,3.497,0.755,0.859,0.615,0.576,1.011,1.457,1.114,0.467,1.808,2.865,3.147,3.225,2.087,2.12,1.348,0.934,0.614,0.573,1.167,1.019,0.63,0.565,0.464,1.53,5.179,2.587,0.701,0.599,0.689,0.734,0.719,0.857,0.753,1.152,3.623,4.546,13.629,14.501,10.117,2.141,1.107,0.586,0.701,0.521,0.437,0.662,0.642,0.733,1.733,0.759,0.75,1.033,1.881,2.007,0.868,0.826,0.913,1.02,0.589,0.525,0.858,1.017,0.692,1.19,1.176,4.624,5.125
9.0,0.454,0.878,1.014,0.968,3.813,4.109,2.038,0.823,0.755,0.807,1.891,4.101,2.49,2.408,1.086,1.631,1.886,1.821,1.061,0.938,0.833,0.862,2.68,6.905,8.026,9.228,9.61,6.79,10.957,16.152,19.328,20.374,19.624,22.033,17.998,17.892,15.663,9.122,9.903,10.217,9.246,7.567,5.924,4.07,4.631,4.454,14.431,16.633,9.723,9.98,12.571,13.948,15.815,17.306,17.277,18.038,17.126,15.187,10.65,7.299,7.686,9.663,10.797,11.23,14.495,8.367,9.418,8.782,7.091,4.211,1.172,1.089,0.628,0.641,1.139,1.465,1.14,0.871,2.158,2.792,2.987,3.429,2.441,2.362,1.881,1.32,0.653,0.746,1.173,1.045,0.663,0.586,0.594,1.59,5.227,2.665,1.025,0.662,0.764,0.863,0.819,1.133,0.909,1.821,4.001,4.354,13.894,14.693,11.625,2.598,1.301,0.829,0.879,0.69,0.533,0.738,0.82,1.579,2.254,1.432,0.947,1.315,1.787,1.931,1.313,0.991,1.044,1.371,0.707,0.736,1.041,1.272,0.877,1.281,1.114,5.357,5.802
10.0,0.457,0.911,1.438,1.359,3.99,4.578,2.043,1.004,0.816,0.916,2.11,4.028,2.515,2.673,1.764,1.901,1.849,2.08,1.71,0.987,0.883,1.287,3.481,6.891,8.351,9.771,9.907,8.978,13.254,16.657,19.778,21.104,21.829,21.653,19.602,18.718,16.552,11.384,11.365,10.773,9.639,8.082,6.482,4.629,4.84,5.265,15.492,17.42,12.386,11.667,13.74,15.548,16.9,18.606,18.874,17.945,17.421,15.684,11.69,7.954,9.112,10.652,11.909,11.828,14.396,8.59,9.599,8.612,7.04,4.712,1.408,1.397,0.692,0.753,1.173,1.391,1.21,0.917,2.202,2.706,2.868,3.52,2.91,2.644,2.13,1.684,0.815,0.905,1.19,1.159,0.694,0.614,0.862,3.061,5.281,3.451,1.472,0.732,0.836,1.007,0.931,1.248,1.14,2.732,4.055,4.233,13.933,14.402,11.555,3.805,1.415,0.986,1.017,1.15,1.125,0.774,1.045,1.593,2.446,2.215,1.058,1.41,1.751,1.912,1.725,1.146,1.148,1.459,0.921,0.958,1.153,1.579,1.166,1.309,1.115,5.788,6.065
11.0,1.361,1.752,1.779,2.132,3.776,4.469,2.204,1.084,0.886,1.081,2.392,3.816,2.645,2.85,2.599,1.851,1.935,2.227,2.015,1.349,0.97,2.165,3.775,7.169,8.746,9.871,10.192,9.417,14.13,17.604,19.816,21.425,22.534,21.106,20.519,19.136,17.176,12.771,12.06,11.32,10.172,8.401,6.584,4.711,5.066,5.818,16.077,17.646,14.189,14.154,15.719,16.861,17.855,18.934,19.235,18.069,17.172,15.197,11.987,8.192,9.826,10.956,12.791,12.396,14.086,8.636,9.747,8.653,7.197,4.92,1.565,1.408,0.75,0.914,1.212,1.33,1.211,1.651,2.181,2.612,2.791,3.391,3.097,2.829,2.474,2.021,1.073,1.0,1.224,1.172,0.895,0.677,1.138,3.693,5.525,4.228,2.007,1.009,0.982,1.17,1.079,1.383,1.794,3.019,4.018,8.183,13.961,13.961,12.028,4.869,1.729,1.148,1.325,1.412,1.235,0.839,1.183,2.249,2.455,2.549,1.2,1.597,1.756,1.928,2.034,2.175,1.892,2.27,1.024,1.072,1.342,1.701,1.647,1.308,1.073,6.141,6.168
12.0,2.4,2.041,2.105,3.065,3.694,4.428,2.429,1.409,0.916,1.775,2.783,3.688,2.713,3.047,2.669,2.154,2.171,2.428,2.381,1.974,1.091,2.518,3.987,7.286,8.846,10.064,10.352,10.801,14.575,18.089,20.38,22.129,23.42,20.862,20.997,19.868,17.956,13.945,12.731,11.928,10.177,8.298,6.735,5.163,5.553,10.674,16.615,18.067,18.959,16.375,17.274,17.615,18.281,19.424,19.669,18.052,17.275,15.373,12.07,8.616,10.305,12.231,13.329,12.875,13.779,9.484,9.71,8.777,7.415,5.455,3.757,2.01,1.16,0.99,1.244,1.317,1.235,1.931,2.162,2.46,2.719,3.255,3.443,3.082,2.662,2.395,1.428,1.243,1.254,1.174,0.998,0.714,2.028,4.268,5.841,4.767,2.404,1.009,1.069,1.251,1.279,1.766,2.065,3.289,3.954,10.403,14.133,13.771,12.209,5.958,1.985,1.716,1.852,2.0,1.774,1.439,1.336,2.291,2.586,2.65,2.079,1.742,1.743,1.898,2.37,2.784,2.595,2.558,1.363,1.216,1.59,1.801,1.837,1.318,1.117,6.574,6.333
13.0,2.849,2.499,2.474,3.453,3.622,4.183,2.731,1.653,1.365,2.255,3.139,3.482,2.674,2.939,3.184,2.646,2.364,2.655,2.757,2.183,1.87,2.922,4.454,7.43,8.919,9.995,10.727,11.977,14.95,17.895,20.318,22.361,23.666,21.088,21.864,20.401,18.074,14.401,13.505,12.539,10.26,8.448,7.571,5.43,5.77,12.972,16.909,18.278,19.046,18.164,17.999,18.266,18.678,19.48,19.978,19.014,17.441,15.645,13.06,10.746,11.289,12.874,13.62,13.378,13.603,11.431,9.918,8.855,7.437,5.638,3.751,2.133,1.402,1.352,1.308,1.317,1.272,2.109,2.141,2.379,2.718,3.158,3.386,3.024,2.954,2.6,2.211,1.524,1.48,1.238,1.171,1.097,2.593,4.769,6.094,4.98,2.723,1.9,1.173,1.313,1.438,1.952,2.361,3.363,7.392,10.632,14.012,13.577,12.251,6.735,2.228,1.979,2.325,2.283,2.079,1.863,1.694,2.638,2.705,2.643,2.433,1.984,1.796,1.941,2.998,3.29,3.185,2.834,1.913,1.385,1.703,1.988,2.118,1.403,1.143,6.927,6.406
14.0,3.096,2.76,2.732,3.523,3.667,4.084,2.961,1.771,1.748,2.593,3.348,3.357,2.806,2.961,3.203,3.053,2.538,2.977,3.022,2.56,2.232,3.268,4.692,7.856,9.044,10.131,11.206,13.174,15.622,18.301,20.136,22.288,23.373,21.246,22.252,20.542,18.403,14.824,13.756,12.889,11.118,8.822,7.945,5.529,6.787,14.248,17.078,18.266,18.902,18.842,18.87,18.845,18.776,19.625,20.101,18.814,17.212,15.721,13.413,12.742,13.109,13.768,14.072,13.779,13.465,11.823,10.043,8.817,7.393,5.656,3.978,2.355,1.812,1.447,1.417,1.33,1.575,2.138,2.174,2.299,2.66,3.049,3.234,2.995,3.035,2.713,2.477,1.801,1.7,1.595,1.396,1.418,4.03,5.537,6.556,5.147,3.202,2.405,1.429,1.423,1.59,2.111,2.611,3.54,8.6,11.173,13.953,13.22,12.102,7.775,2.804,2.461,2.667,2.528,2.367,2.087,2.114,2.725,2.737,2.643,2.714,2.306,2.186,2.339,3.116,3.64,3.517,3.118,2.412,1.759,1.872,2.264,2.831,1.529,1.195,7.219,6.42
15.0,3.197,3.035,2.967,3.629,3.655,3.942,3.192,2.271,2.382,2.932,3.363,3.257,2.899,3.075,3.218,3.07,2.604,3.054,3.181,2.945,2.682,3.593,5.394,8.204,9.011,10.095,11.758,13.493,16.063,18.525,20.616,22.111,22.973,21.313,22.224,20.659,18.821,15.282,14.488,13.151,11.547,10.462,8.168,5.757,8.189,15.2,17.035,18.111,18.777,19.118,19.456,19.457,19.192,19.952,20.041,18.841,16.924,15.559,13.419,15.115,15.249,15.154,14.803,13.987,13.027,12.663,10.092,8.796,7.465,5.713,4.037,2.381,2.201,1.742,1.593,1.422,2.025,2.116,2.17,2.289,2.599,2.943,3.129,3.012,3.029,2.792,2.592,1.959,1.926,1.84,1.743,2.935,5.343,6.045,7.03,5.292,3.741,2.703,2.034,1.492,1.738,2.189,2.783,4.062,9.747,11.513,13.703,13.016,12.139,8.579,3.797,2.604,2.75,2.791,2.709,2.362,2.613,3.144,2.879,2.652,2.81,2.557,2.519,2.699,3.514,4.057,3.741,3.296,2.72,2.217,2.153,2.743,3.249,1.743,1.22,7.517,6.434
16.0,3.21,3.104,3.181,3.692,3.639,3.87,3.222,2.658,2.849,3.279,3.383,3.164,3.093,3.17,3.224,3.011,2.712,3.121,3.256,3.215,3.141,4.251,5.9,8.482,9.057,10.222,12.29,14.047,16.397,18.705,20.441,21.87,22.565,21.494,22.045,20.635,19.3,15.922,14.464,13.541,12.062,12.562,10.987,6.28,9.888,15.657,17.094,17.927,18.789,19.303,20.07,20.312,19.803,20.161,20.044,19.016,16.931,15.469,13.426,16.076,16.635,16.848,15.375,14.185,12.703,13.468,10.306,9.04,7.78,6.131,4.627,3.458,2.333,1.819,1.741,1.53,2.172,2.123,2.169,2.295,2.529,2.886,3.063,3.048,3.076,2.93,2.719,2.526,2.077,2.133,2.036,4.391,6.099,6.705,7.501,5.527,4.414,3.142,2.443,1.633,1.882,2.3,3.036,4.209,10.611,11.955,13.539,12.817,12.018,9.007,4.411,2.878,3.024,2.989,2.835,2.697,3.139,3.532,3.189,2.733,2.803,2.844,2.867,3.031,3.846,4.251,4.007,3.452,3.007,2.605,2.425,3.195,3.299,2.044,1.289,7.823,6.455
17.0,3.138,3.131,3.312,3.78,3.771,3.922,3.345,3.108,3.199,3.435,3.372,3.105,3.18,3.235,3.204,2.996,3.084,3.181,3.283,3.305,3.546,4.762,6.245,8.71,9.28,10.509,13.055,14.648,16.792,18.626,20.594,21.679,22.372,21.482,21.923,20.725,19.436,16.703,15.051,14.007,12.418,13.705,12.759,6.745,11.561,15.771,17.188,17.898,18.937,19.548,20.423,20.804,20.382,20.598,20.389,19.588,17.636,16.149,14.083,16.763,17.84,18.254,16.031,14.451,12.62,13.486,10.872,9.272,7.7,6.192,4.77,3.719,2.446,2.034,1.875,2.001,2.197,2.192,2.195,2.355,2.491,2.774,2.986,2.995,3.058,2.985,2.814,2.714,2.317,2.336,2.34,5.576,6.939,7.097,7.855,5.8,4.609,3.513,2.993,2.253,2.158,2.583,3.139,4.644,10.876,12.053,13.356,12.746,11.771,9.537,5.214,3.292,3.085,3.043,2.961,3.015,3.519,3.81,3.376,2.832,2.786,2.842,2.972,3.324,4.096,4.431,4.226,3.589,3.117,2.849,2.664,3.347,3.392,3.297,1.72,8.105,6.519
18.0,3.099,3.069,3.531,3.812,3.909,3.892,3.493,3.406,3.555,3.607,3.4,3.078,3.567,3.592,3.162,3.088,3.29,3.204,3.298,3.426,3.743,5.065,6.511,8.844,9.733,11.272,13.991,14.934,17.016,18.933,20.513,21.697,22.127,21.444,21.845,20.807,19.693,16.772,15.551,14.585,14.349,14.979,13.555,7.419,12.172,16.033,17.356,18.187,18.996,19.882,20.524,20.973,21.044,20.808,20.525,19.928,18.219,16.312,14.345,17.053,18.541,19.613,16.519,14.45,12.514,13.489,11.519,9.426,7.608,6.182,4.924,3.813,2.49,2.096,2.035,2.179,2.214,2.234,2.255,2.402,2.448,2.697,2.916,2.962,3.017,2.95,2.835,2.795,2.609,2.61,3.1,6.508,7.673,7.744,8.158,6.022,4.869,3.817,3.437,2.979,2.837,3.327,3.588,7.33,11.343,12.009,13.103,12.454,11.656,9.705,5.516,3.395,3.154,3.112,3.111,3.351,4.113,4.415,3.61,2.991,2.763,2.873,3.114,3.658,4.384,4.659,4.466,3.782,3.225,2.968,3.002,3.455,3.479,3.481,2.309,8.375,6.554
19.0,3.042,3.072,3.709,3.831,4.064,3.873,3.708,3.838,3.67,3.82,3.517,3.065,4.003,3.866,3.403,3.132,3.325,3.447,3.525,3.568,4.067,5.348,6.682,8.978,10.191,11.892,15.153,15.298,17.191,19.311,20.811,21.676,21.908,21.134,21.765,20.905,19.889,16.967,16.037,15.691,16.796,15.801,14.491,8.477,13.332,16.362,17.465,18.551,19.135,20.061,20.613,20.889,21.385,21.274,20.983,20.313,19.193,16.734,15.115,17.558,18.575,20.261,16.806,14.778,12.595,13.952,11.538,9.573,7.48,6.447,5.264,4.105,2.816,2.24,2.369,2.305,2.253,2.312,2.377,2.464,2.459,2.647,2.829,2.905,2.954,2.918,2.857,2.885,2.942,2.778,3.893,7.222,8.285,8.046,8.404,6.265,5.244,4.383,3.904,3.458,3.414,4.077,3.853,8.589,11.458,11.961,12.883,12.365,11.712,9.625,6.117,3.683,3.253,3.232,3.284,3.752,4.587,4.828,3.867,3.211,2.871,3.002,3.188,3.761,4.531,4.799,4.616,4.036,3.392,3.08,3.265,3.556,3.573,3.57,2.571,8.654,6.611
20.0,3.025,3.123,3.702,3.83,4.098,3.987,3.893,4.114,3.954,4.054,3.878,3.059,4.374,4.192,3.525,3.212,3.391,3.486,3.575,3.721,4.318,5.743,6.951,9.011,10.599,12.808,15.925,15.97,17.806,20.094,21.003,21.534,21.771,20.992,21.665,20.934,20.113,17.525,16.629,16.845,17.538,16.818,15.282,9.71,14.461,16.891,17.765,18.894,19.387,20.385,20.758,20.935,21.456,21.577,21.395,21.086,20.175,17.396,16.495,17.37,18.741,20.494,17.304,14.773,12.717,14.324,11.902,9.736,7.693,6.904,5.712,4.619,3.435,2.47,2.503,2.334,2.342,2.498,2.542,2.6,2.527,2.603,2.754,2.87,2.914,2.98,2.999,2.979,3.107,3.109,5.336,7.939,8.506,8.462,8.533,6.769,5.664,4.926,4.265,3.935,3.835,4.607,4.539,9.406,11.41,11.827,12.711,12.355,11.57,9.573,6.721,4.085,3.44,3.42,3.512,4.104,5.161,5.266,4.261,3.432,3.068,3.086,3.321,3.955,4.758,5.105,4.831,4.364,3.668,3.256,3.454,3.588,3.632,3.643,2.824,8.954,6.67
22.0,3.008,3.235,3.796,4.034,4.271,4.26,4.355,4.582,4.655,4.634,4.497,3.077,4.969,4.723,4.06,3.576,3.553,3.64,3.762,4.003,4.953,6.626,7.646,9.249,11.058,13.868,17.122,17.519,18.917,20.558,21.056,21.319,21.38,20.881,21.423,20.923,20.461,18.762,18.526,18.596,18.276,17.733,16.624,12.671,15.707,17.623,18.673,19.548,20.187,20.374,20.714,21.139,21.78,21.943,22.422,22.545,21.886,19.702,18.682,17.298,18.513,21.021,17.846,15.062,13.067,14.924,13.063,10.482,8.521,7.367,6.502,5.579,4.601,3.219,2.994,2.749,2.69,2.817,2.888,2.843,2.769,2.646,2.764,2.901,2.911,2.983,3.225,3.54,3.96,4.479,7.192,8.78,8.958,8.904,8.818,7.622,6.507,5.649,4.986,4.658,4.598,6.054,7.415,10.296,11.49,11.562,12.316,12.405,11.85,9.717,8.047,4.79,3.843,3.628,3.979,5.01,5.752,6.106,5.203,4.058,3.507,3.437,3.706,4.313,4.985,5.455,5.305,4.802,4.342,3.785,3.721,3.701,3.665,3.67,3.48,9.541,6.746
24.0,3.123,3.707,3.852,4.113,4.812,4.728,4.741,5.052,5.339,5.285,5.129,3.629,5.328,5.054,4.444,3.897,3.815,3.864,3.985,4.316,5.538,7.745,8.262,9.658,11.269,14.37,17.408,19.103,19.948,20.918,21.121,21.191,20.982,20.706,21.036,20.844,20.578,19.779,19.455,19.184,18.781,18.231,17.535,14.383,16.887,18.22,19.324,20.25,20.469,20.502,20.604,21.413,22.291,22.848,22.961,23.415,23.017,21.239,19.6,16.951,18.452,21.587,18.409,15.409,13.323,14.818,13.829,10.95,9.112,7.762,7.205,6.609,6.067,4.664,3.43,3.21,3.104,3.093,3.035,3.0,2.892,2.795,2.789,2.88,2.94,3.111,3.938,4.54,4.897,6.421,8.298,9.065,9.126,9.18,9.259,8.424,7.375,6.448,5.802,5.273,5.432,7.579,8.981,10.646,11.524,11.354,12.586,13.078,12.107,9.999,8.73,5.979,4.343,4.167,4.831,5.781,6.459,6.625,6.157,4.61,3.899,3.706,3.972,4.479,5.282,5.756,5.67,5.26,4.894,4.452,4.01,3.861,3.758,3.677,3.682,10.045,6.743
26.0,3.23,3.772,4.105,4.517,5.085,5.209,5.053,5.407,5.61,5.655,5.539,4.364,5.531,5.357,4.91,4.377,4.097,4.025,4.133,4.702,6.587,8.357,9.001,10.193,11.779,14.607,18.007,20.496,21.002,21.469,21.781,21.627,21.124,20.642,21.025,20.994,20.686,20.357,20.068,19.776,19.327,18.752,18.099,16.06,17.592,19.124,20.025,20.579,20.52,20.504,20.891,22.009,22.961,23.629,23.849,23.916,23.754,22.348,20.214,16.913,18.711,21.991,18.539,15.585,13.463,14.998,14.071,11.616,9.611,8.397,7.809,7.505,7.056,5.899,4.285,3.567,3.389,3.214,3.127,3.0,2.916,2.878,2.83,2.895,3.115,3.765,4.733,5.473,6.085,7.705,9.036,9.282,9.198,9.31,9.724,9.077,8.237,7.268,6.453,6.162,6.506,8.374,9.277,10.654,11.323,11.074,13.451,13.312,12.728,10.38,9.185,7.167,5.407,4.991,5.651,6.341,7.136,7.129,6.899,5.337,4.27,4.006,4.399,4.829,5.463,5.949,5.867,5.641,5.286,4.866,4.419,4.107,3.888,3.762,3.662,10.519,6.774
28.0,3.585,3.967,4.281,4.875,5.411,5.437,5.392,5.791,5.905,5.893,5.688,5.076,5.684,5.682,5.23,4.737,4.35,4.234,4.361,5.279,7.566,8.946,9.503,10.742,12.505,15.624,18.711,21.438,22.498,22.619,22.783,22.476,21.599,20.671,21.323,21.337,20.968,20.775,20.484,20.29,20.063,19.22,18.505,16.889,18.205,19.573,20.485,20.582,20.499,20.604,21.449,22.629,23.902,24.458,24.88,24.255,24.028,23.122,20.743,16.898,19.012,22.194,18.952,16.217,13.648,15.085,14.266,12.287,10.051,8.915,8.352,8.201,7.98,7.319,5.472,3.841,3.587,3.442,3.208,3.109,2.983,2.906,2.867,2.95,3.215,4.416,5.428,5.946,7.236,8.61,9.294,9.301,9.245,9.51,10.12,9.537,8.996,8.199,7.272,7.07,7.799,8.614,9.312,10.541,11.418,10.935,14.178,13.833,13.682,10.865,9.512,8.154,6.321,5.688,6.19,7.069,7.852,8.066,7.505,6.274,4.679,4.287,4.522,5.028,5.877,6.047,5.977,5.834,5.556,5.125,4.688,4.313,4.067,3.802,3.676,10.979,6.848
30.0,3.793,4.107,4.774,5.237,5.733,5.759,5.696,5.993,6.108,5.96,5.842,5.598,5.892,5.816,5.544,5.074,4.565,4.494,4.649,6.237,8.368,9.568,10.095,11.357,13.521,16.731,19.4,21.588,23.153,23.743,23.868,23.578,22.663,20.735,22.118,22.21,21.475,21.152,20.726,20.529,20.317,19.982,19.191,17.745,18.957,20.107,20.644,20.535,20.538,20.829,22.386,24.23,24.656,25.373,24.94,24.948,24.492,23.666,21.157,17.205,19.663,22.387,19.208,16.429,13.928,15.2,14.203,12.504,10.631,9.553,8.972,8.686,8.511,8.285,7.024,4.899,4.119,3.99,3.643,3.133,2.981,2.905,2.852,3.192,3.909,4.878,5.832,7.025,8.075,9.503,9.672,9.566,9.425,9.916,10.68,10.019,9.497,8.985,8.265,8.135,8.321,8.985,9.548,10.597,12.189,11.307,14.467,14.611,14.896,11.886,9.922,8.782,7.382,6.673,6.85,7.904,8.686,8.939,8.289,7.176,5.231,4.742,4.903,5.393,6.019,6.069,6.03,5.974,5.788,5.456,5.0,4.618,4.238,4.06,3.777,11.484,6.919
32.0,4.043,4.603,5.051,5.501,5.856,5.91,5.982,6.124,6.135,6.073,5.971,6.442,5.972,5.953,5.803,5.476,4.954,4.892,5.328,7.183,10.264,11.229,10.676,12.009,15.052,17.553,19.741,22.083,23.897,24.743,24.791,24.279,23.712,20.841,23.253,22.947,22.34,21.851,20.961,20.592,20.505,20.382,19.691,18.226,19.452,20.498,20.62,20.538,20.715,21.4,22.968,24.823,25.349,24.673,24.723,24.789,24.501,23.803,21.719,17.42,20.069,22.272,19.385,17.253,14.178,15.604,14.764,12.887,11.416,10.173,9.521,8.99,8.782,8.616,8.119,6.537,4.899,4.737,4.66,3.881,3.133,2.887,2.88,3.23,4.343,5.617,6.539,7.614,9.108,9.852,9.866,9.777,9.905,10.419,11.202,10.398,9.928,9.547,9.021,8.554,8.709,9.222,9.802,11.565,13.636,12.092,14.984,15.318,15.777,13.425,10.738,9.198,8.373,7.429,7.839,8.776,9.553,9.738,9.03,8.035,6.186,5.16,5.224,5.687,6.066,6.073,6.055,6.034,5.963,5.671,5.339,4.962,4.611,4.122,3.838,11.983,6.916
34.0,4.466,4.929,5.421,5.78,6.009,6.078,6.078,6.139,6.108,6.085,6.179,6.976,6.154,6.146,6.136,6.038,5.518,5.414,6.189,8.488,12.941,13.887,11.375,13.209,16.203,18.078,19.944,22.304,24.001,25.632,25.339,24.937,24.294,21.196,24.497,23.955,23.015,22.629,21.483,20.824,20.506,20.467,20.282,18.925,20.041,20.551,20.533,20.676,20.942,22.117,24.218,25.255,24.735,24.118,24.346,24.706,24.706,24.039,22.329,17.983,20.442,21.917,19.602,17.74,14.678,16.311,15.575,13.552,11.926,10.812,10.096,9.464,9.045,8.925,8.798,7.835,6.366,5.704,5.44,4.73,3.483,3.037,3.046,3.648,4.987,6.068,7.271,8.658,9.574,10.253,10.289,10.164,10.405,10.934,11.695,10.816,10.269,9.839,9.501,9.081,9.108,9.627,10.139,13.971,14.859,13.049,15.45,15.861,16.556,15.039,12.659,9.725,9.013,8.459,8.836,9.673,10.162,10.315,9.762,8.64,7.34,5.824,5.669,5.957,6.05,6.062,6.062,6.066,6.062,5.909,5.609,5.308,4.989,4.602,4.097,12.519,6.887
36.0,4.9,5.292,5.614,5.915,6.08,6.125,6.129,6.134,6.101,6.145,6.369,7.518,6.355,6.451,6.61,6.787,6.309,6.222,7.222,10.589,15.014,15.566,13.094,14.934,16.866,18.258,19.822,22.269,24.064,25.593,26.213,25.406,25.217,21.769,25.344,25.086,24.024,23.441,22.166,21.297,20.615,20.501,20.488,19.525,20.312,20.565,20.668,20.802,21.468,22.832,25.04,25.324,24.134,23.545,24.043,24.466,24.4,23.868,22.432,18.536,20.595,21.857,19.903,18.17,15.177,16.998,16.333,14.775,12.418,11.548,10.712,9.818,9.361,9.075,8.99,8.812,7.807,6.632,5.952,5.388,4.128,3.185,3.241,4.178,5.674,6.926,8.109,9.09,10.214,10.573,10.682,10.619,10.861,11.354,12.46,11.465,10.6,10.145,9.765,9.483,9.514,10.085,11.677,15.279,15.739,14.117,15.77,16.373,16.966,15.927,14.752,10.408,9.592,9.369,9.829,10.308,10.582,10.692,10.501,11.861,10.796,6.645,6.26,6.148,6.056,6.056,6.059,6.067,6.089,6.053,5.891,5.614,5.305,4.933,4.32,13.056,6.824
38.0,5.221,5.575,5.837,6.013,6.105,6.158,6.133,6.107,6.086,6.308,6.646,7.994,6.819,6.922,7.029,7.349,6.966,7.067,8.009,13.239,15.761,16.419,15.426,15.979,17.266,18.697,19.897,22.082,23.997,25.22,25.827,25.698,25.538,22.671,24.816,24.907,24.764,23.682,23.623,22.078,20.938,20.516,20.519,19.899,20.524,20.546,20.745,21.243,22.064,23.895,25.504,24.781,23.459,23.067,23.465,24.161,24.366,23.906,22.387,18.927,20.534,21.597,19.99,18.652,15.716,17.75,17.322,15.984,13.601,12.019,11.27,10.399,9.774,9.536,9.389,9.208,8.543,7.801,6.965,5.82,4.794,3.429,3.359,4.861,6.44,7.925,8.854,9.835,10.473,11.101,11.069,11.071,11.292,11.872,13.699,12.425,11.094,10.464,10.043,9.817,9.865,10.575,13.949,16.507,16.499,14.852,16.301,16.975,17.388,16.571,15.654,12.227,10.091,10.045,10.37,10.774,11.051,11.219,12.74,14.109,13.168,7.86,6.744,6.322,6.117,6.051,6.05,6.065,6.087,6.106,6.038,5.886,5.632,5.293,4.81,13.545,6.714
mean,2.369,2.530,2.754,3.082,3.711,3.965,3.268,2.907,2.897,3.053,3.339,3.764,3.497,3.399,3.119,3.001,2.906,2.974,2.997,3.497,4.271,5.105,5.811,8.131,9.416,10.623,12.209,12.306,14.712,17.229,18.831,18.301,18.816,18.521,18.120,18.138,16.262,13.619,13.289,13.281,12.584,11.603,10.965,8.651,10.182,11.842,14.822,15.406,15.065,14.911,15.989,16.592,16.853,16.810,16.982,17.233,16.989,15.118,13.181,11.958,12.992,14.263,13.069,12.212,11.918,11.019,9.865,8.785,7.150,5.717,4.565,3.933,3.415,3.091,2.919,2.725,2.496,2.369,2.472,2.630,2.735,2.673,2.475,2.589,2.699,2.835,2.925,3.113,3.448,3.698,4.003,4.632,5.156,5.832,7.093,5.726,4.531,3.901,3.562,3.335,3.409,3.952,4.456,6.071,8.204,9.022,12.577,12.796,11.185,7.423,5.199,3.840,3.417,3.252,3.342,3.641,3.960,4.274,4.141,3.741,3.225,2.740,2.996,3.163,3.345,3.493,3.432,3.249,2.863,2.618,2.626,2.727,2.637,2.444,2.262
std dev,1.599,1.663,1.800,1.908,1.707,1.586,1.837,2.205,2.262,2.208,2.003,1.948,1.902,1.997,2.038,1.920,1.733,1.711,2.064,3.172,4.450,4.712,3.996,3.745,4.172,5.276,6.056,7.820,7.521,6.899,6.299,8.067,7.425,6.563,7.517,6.221,7.349,7.654,7.122,6.429,6.498,6.995,6.687,6.340,6.850,7.714,6.588,7.084,7.150,7.902,7.829,8.073,8.073,8.599,8.526,7.855,7.119,7.468,7.121,6.247,6.927,7.695,6.455,5.206,4.192,5.039,4.953,4.009,3.626,3.513,3.547,3.383,3.331,3.178,2.863,2.467,2.119,1.949,1.678,1.296,0.937,0.842,1.010,1.108,1.516,2.006,2.505,2.939,3.290,3.724,3.993,4.139,4.114,3.849,3.446,3.480,3.639,3.534,3.311,3.219,3.275,3.569,4.106,4.959,4.854,4.150,3.760,3.706,4.102,4.907,4.612,3.597,3.018,2.864,3.052,3.331,3.583,3.513,3.409,3.452,3.035,1.978,1.670,1.810,2.146,2.257,2.189,2.107,2.142,2.082,1.879,1.737,1.707,1.548,1.240
