gGSP
15.528
