model,gGSP
CR1138_TS239_5_vs_CR1138__1_refined,11.505
