,"""A1""","""A2""","""A3""","""A4""","""A5""","""A6""","""A7""","""A8""","""A9""","""A10""","""A11""","""A12""","""A13""","""A14""","""A15""","""A16""","""A17""","""A18""","""A19""","""A20""","""A21""","""A22""","""A23""","""A24""","""A25""","""A26""","""A27""","""A28""","""A29""","""A30""","""A31""","""A32""","""A33""","""A34""","""A35""","""A36""","""A37""","""A38""","""A39""","""A40""","""A41""","""A42""","""A43""","""A44""","""A45""","""A46""","""A47""","""A48""","""A49""","""A50""","""A51""","""A52""","""A53""","""A54""","""A55""","""A56""","""A57""","""A58""","""A59""","""A60""","""A61""","""A62""","""A63""","""A64""","""A65""","""A66""","""A67""","""A68""","""A69""","""A70""","""A71""","""A72""","""A73""","""A74""","""A75""","""A76""","""A77""","""A78""","""A79""","""A80""","""A81""","""A82""","""A83""","""A84""","""A85""","""A86""","""A87""","""A88""","""A89""","""A90""","""A91""","""A92""","""A93""","""A94""","""A95""","""A96""","""A97""","""A98""","""A99""","""A100""","""A101""","""A102""","""A103""","""A104""","""A105""","""A106""","""A107""","""A108""","""A109""","""A110""","""A111""","""A112""","""A113""","""A114""","""A115""","""A116""","""A117""","""A118""","""A119""","""A120""","""A121""","""A122""","""A123""","""A124"""
radius,G,G,A,C,A,C,G,A,G,U,A,A,C,U,C,G,U,C,U,A,U,C,U,U,C,U,G,C,A,G,G,C,U,G,C,U,U,A,C,G,G,U,U,U,C,G,U,C,C,G,U,G,U,U,G,C,A,G,C,C,G,A,U,C,A,U,C,A,G,C,A,C,A,U,C,U,A,G,G,U,U,U,C,G,U,C,C,G,G,G,U,G,U,G,A,C,C,G,A,A,A,G,G,U,A,A,G,A,U,G,G,A,G,A,G,C,C,U,U,G,U,C,C,C,mean,std dev
2.0,0.023,0.034,0.026,0.066,0.05,0.031,0.039,0.026,0.031,0.035,0.042,0.031,0.027,0.028,0.032,0.031,0.033,0.028,0.029,0.028,0.032,0.033,0.035,0.02,0.043,0.035,0.066,0.042,0.026,0.026,0.027,0.034,0.032,0.034,0.032,0.033,0.032,0.027,0.042,0.037,0.036,0.039,0.027,0.019,0.024,0.028,0.027,0.025,0.028,0.033,0.026,0.029,0.033,0.026,0.026,0.034,0.027,0.035,0.034,0.032,0.024,0.041,0.028,0.026,0.038,0.03,0.034,0.038,0.032,0.025,0.034,0.034,0.03,0.033,0.034,0.039,0.036,0.033,0.032,0.038,0.037,0.025,0.017,0.023,0.026,0.032,0.031,0.032,0.028,0.022,0.043,0.031,0.041,0.027,0.065,0.038,0.034,0.03,0.031,0.037,0.034,0.025,0.031,0.038,0.027,0.031,0.03,0.03,0.027,0.032,0.029,0.025,0.025,0.034,0.027,0.024,0.048,0.031,0.028,0.03,0.027,0.031,0.027,0.025,0.032,0.008
3.0,0.192,0.081,0.065,0.399,0.269,0.084,0.187,0.045,0.085,0.063,0.374,0.307,0.115,0.052,0.095,0.083,0.056,0.085,0.091,0.046,0.089,0.058,0.054,0.174,0.136,0.169,0.822,0.138,0.205,0.213,0.059,0.071,0.081,0.096,0.058,0.052,0.098,0.2,0.282,0.162,0.359,0.701,0.437,0.306,0.506,0.188,0.111,0.18,0.098,0.096,0.175,0.082,0.598,0.19,0.096,0.074,0.066,0.069,0.071,0.087,0.062,0.197,0.095,0.198,0.371,0.205,0.089,0.056,0.272,0.213,0.145,0.066,0.038,0.085,0.07,0.093,0.086,0.041,0.05,0.093,0.058,0.277,0.35,0.276,0.07,0.077,0.096,0.117,0.038,0.115,0.131,0.047,0.072,0.087,0.282,0.1,0.141,0.144,0.237,0.311,0.288,0.186,0.051,0.056,0.066,0.049,0.038,0.041,0.153,0.061,0.046,0.045,0.277,0.099,0.041,0.161,0.174,0.102,0.148,0.184,0.094,0.149,0.141,0.177,0.152,0.13
4.0,0.277,0.466,0.134,0.675,0.422,0.117,0.441,0.077,0.156,0.077,3.643,0.438,0.154,0.073,0.128,0.138,0.089,0.132,0.124,0.089,0.099,0.094,0.075,0.193,0.185,0.205,1.052,0.271,0.298,0.582,0.086,0.076,0.092,0.136,0.076,0.069,0.099,0.324,0.586,0.228,0.462,0.991,2.888,0.346,0.769,0.293,0.276,0.233,0.148,0.128,0.19,0.122,0.793,0.211,0.139,0.082,0.099,0.109,0.092,0.154,1.459,0.551,1.65,0.238,0.527,0.573,0.106,0.122,0.478,0.243,0.189,0.09,0.083,0.096,0.152,0.12,0.396,0.087,0.116,0.131,0.1,0.326,0.397,1.442,0.106,0.101,0.101,0.155,0.266,0.149,0.43,0.102,0.104,1.943,0.477,0.134,0.169,0.195,0.321,0.426,0.4,0.276,0.077,0.064,0.105,0.08,0.067,0.086,0.175,0.129,0.085,0.096,0.363,0.317,0.097,0.318,0.435,0.131,0.183,0.273,0.136,0.231,0.171,0.212,0.327,0.49
5.0,0.419,0.613,0.682,1.941,2.478,0.66,1.003,0.479,0.548,1.899,3.785,0.55,0.567,0.279,0.412,0.359,0.53,0.377,0.269,0.331,0.213,0.242,0.176,0.558,1.137,0.529,1.882,2.806,4.541,0.745,0.211,0.205,0.326,0.341,0.285,0.674,0.774,0.752,0.855,0.507,1.432,3.658,4.38,0.34,1.508,0.986,0.623,0.616,0.38,0.4,0.599,0.654,1.121,0.563,0.388,0.254,0.351,0.261,0.148,0.395,1.628,1.559,2.245,0.798,2.238,0.701,0.697,0.608,0.7,1.088,0.856,0.207,0.192,0.3,0.374,0.896,0.848,0.823,0.458,0.729,1.38,0.653,0.954,2.146,0.892,0.2,0.326,1.418,0.302,0.346,0.512,0.244,1.728,2.486,1.014,0.314,0.395,0.386,0.555,0.845,0.852,0.53,0.288,0.351,0.264,0.259,0.118,0.225,0.421,0.32,0.218,0.329,0.599,0.444,0.482,0.562,0.564,0.535,0.571,2.164,0.467,0.657,0.437,0.44,0.824,0.819
6.0,0.607,0.732,0.786,2.295,3.285,1.078,1.421,0.555,0.62,4.586,4.914,1.001,0.528,0.396,0.578,0.474,0.586,0.413,0.339,0.363,0.249,0.26,0.24,0.959,1.887,0.611,2.393,3.213,4.798,2.151,1.233,0.237,0.367,0.354,0.511,0.868,1.117,0.788,0.91,0.525,1.858,3.929,4.906,2.453,1.869,1.128,0.874,0.789,0.464,0.469,0.651,0.843,1.796,1.072,0.503,0.297,0.398,0.277,0.207,1.28,1.881,1.601,3.607,1.966,3.11,4.608,1.948,0.666,0.758,1.2,0.925,0.296,0.262,0.344,0.446,1.126,1.528,0.993,0.63,0.748,1.778,0.782,1.524,2.193,0.954,0.284,0.641,1.9,0.332,0.382,0.546,0.346,2.44,2.416,1.268,0.434,0.418,0.558,0.64,0.848,0.837,0.555,0.365,0.429,0.332,0.293,0.16,0.266,0.434,0.336,0.281,0.536,0.662,0.488,0.569,0.653,0.591,0.808,1.668,2.781,0.537,0.706,0.533,0.462,1.128,1.08
7.0,0.747,0.793,0.867,2.432,3.556,1.54,1.547,0.598,0.966,5.026,6.015,1.567,0.567,0.493,0.603,0.534,0.614,0.512,0.38,0.404,0.299,0.277,0.301,1.156,1.957,0.665,2.913,4.129,5.387,2.193,1.432,0.257,0.401,0.384,0.556,1.05,1.203,0.776,0.924,0.583,2.582,4.42,5.134,3.422,2.404,1.964,1.285,1.687,0.537,0.504,0.707,1.338,3.274,1.517,0.53,0.307,0.421,0.313,0.263,1.304,2.132,1.658,4.084,2.511,3.753,5.955,2.513,0.645,0.851,1.306,0.941,1.377,1.986,0.339,0.532,1.274,1.564,1.12,0.817,1.277,2.403,1.916,1.82,2.215,0.914,0.345,0.842,1.845,0.372,0.401,0.567,0.417,3.402,2.754,1.532,0.519,0.435,0.608,0.683,0.846,0.808,0.569,0.456,0.498,0.378,0.318,0.183,0.301,0.435,0.343,0.32,0.588,0.67,0.552,0.633,0.757,0.876,0.98,2.759,3.332,0.544,0.683,0.643,0.443,1.371,1.287
8.0,0.763,0.787,0.929,2.77,3.599,2.004,1.627,0.695,1.647,5.287,5.789,2.118,0.592,0.54,0.67,0.624,0.664,0.561,0.424,0.444,0.332,0.288,0.339,1.287,2.399,0.73,3.247,4.789,6.186,4.908,1.673,0.298,0.449,0.469,0.658,1.114,1.345,1.087,0.892,0.692,2.81,4.489,5.148,4.122,4.302,2.501,2.478,2.315,0.606,0.557,0.754,1.801,3.726,1.827,0.671,0.346,0.457,0.426,0.291,1.493,2.336,1.925,4.802,3.471,4.921,6.316,3.395,1.927,0.895,1.459,1.245,2.437,2.771,0.421,0.555,1.476,1.57,1.294,1.054,1.439,2.445,2.615,2.106,2.302,1.48,0.51,1.142,1.826,1.753,0.459,0.582,0.485,3.678,2.898,1.697,0.65,0.481,0.817,0.774,0.883,0.81,0.848,0.534,0.583,0.495,0.317,0.229,0.331,0.436,0.356,1.381,0.666,0.688,0.644,0.697,0.849,0.99,1.16,3.282,3.74,2.047,0.679,0.699,0.515,1.654,1.449
9.0,0.778,0.921,1.145,2.796,3.733,2.417,1.769,1.205,2.157,5.221,5.713,2.617,0.78,0.679,0.778,0.874,0.706,0.602,0.558,0.53,0.532,0.385,0.378,1.51,2.62,1.494,3.361,5.187,6.257,4.705,2.312,0.388,0.512,0.511,0.658,1.158,1.47,1.301,0.966,1.122,2.859,4.293,4.821,4.35,4.403,3.051,3.747,3.034,1.918,0.724,0.788,2.174,4.017,2.179,0.92,0.449,0.569,0.513,0.392,1.772,2.912,2.815,4.985,4.646,5.149,6.601,4.653,2.529,1.04,1.522,1.635,3.359,3.547,0.537,0.59,1.58,1.606,1.486,1.278,1.676,2.535,2.749,2.356,2.37,2.062,1.232,1.342,1.833,1.753,0.569,0.668,1.859,3.672,3.261,1.849,2.065,0.565,0.864,0.846,0.891,0.884,0.935,0.685,0.722,0.702,0.492,0.341,0.417,0.53,3.291,2.327,1.016,0.797,0.724,0.761,0.976,1.141,1.506,3.542,3.831,2.891,0.716,0.778,0.655,1.935,1.484
10.0,0.778,0.976,1.665,2.736,3.654,3.529,2.434,1.844,2.802,5.073,5.436,2.794,1.355,0.784,0.835,0.93,0.754,0.621,0.661,0.576,0.6,0.442,0.636,1.972,3.033,2.253,3.645,5.368,6.494,5.419,2.972,0.671,0.572,0.659,0.808,1.265,1.529,1.284,1.01,1.723,3.031,4.122,4.703,4.41,4.73,4.073,3.918,3.347,2.523,0.775,1.793,2.347,3.978,2.355,1.146,0.679,0.64,0.576,0.511,2.18,3.351,3.947,5.11,5.503,5.651,6.523,4.835,2.839,1.262,1.543,2.229,3.644,3.743,0.625,0.684,1.575,1.699,1.632,1.305,1.79,2.689,2.768,2.502,2.441,2.297,1.399,1.489,1.8,1.696,0.652,0.749,2.877,4.078,3.672,2.04,2.98,0.673,0.932,0.837,0.884,0.884,0.949,0.745,0.74,0.855,0.613,0.384,0.512,1.644,3.892,3.144,1.646,1.027,0.855,0.884,1.073,1.275,2.062,3.483,3.784,3.028,0.792,0.836,0.677,2.171,1.527
11.0,0.803,1.04,2.388,2.835,3.647,3.746,3.123,2.324,2.881,4.815,5.155,2.744,1.801,1.06,0.903,0.963,0.831,0.712,0.711,0.624,0.652,0.48,0.859,1.967,3.281,2.784,3.844,5.556,6.682,6.231,3.723,2.008,0.63,0.724,0.933,1.353,1.593,1.361,1.033,2.151,3.224,4.051,4.61,4.787,4.979,4.616,4.077,3.381,2.431,0.832,2.003,2.431,3.643,2.395,1.321,0.798,0.69,0.604,0.787,2.321,3.99,4.713,5.3,6.395,6.228,6.501,4.831,2.728,1.463,1.562,2.714,3.859,4.342,1.468,0.906,1.599,1.689,1.673,1.495,1.962,2.692,2.703,2.643,2.478,2.385,1.581,1.581,1.791,1.695,0.726,0.826,3.411,4.413,3.906,3.014,4.236,1.013,0.927,0.85,0.88,0.891,0.951,0.839,0.83,0.896,0.72,0.458,0.576,2.882,4.109,3.39,2.062,1.395,0.958,0.982,1.277,1.73,2.66,3.484,3.72,3.16,0.875,0.838,0.705,2.375,1.582
12.0,0.877,1.047,2.562,2.961,3.654,3.796,3.422,3.353,3.149,4.519,4.81,3.06,2.14,1.181,1.092,1.02,1.026,0.872,0.74,0.654,0.695,0.555,2.683,2.078,3.442,3.139,4.325,5.671,6.668,6.65,4.091,2.317,0.681,0.787,1.091,1.427,1.56,1.404,1.335,2.304,3.197,4.017,4.505,5.281,5.13,4.835,4.066,3.462,2.347,1.805,2.029,2.372,3.798,2.437,1.865,0.959,0.76,0.691,0.943,2.513,4.743,5.028,5.748,6.565,6.459,6.475,5.032,3.404,2.599,1.746,2.941,4.079,4.312,1.756,1.265,1.63,1.754,1.773,1.703,2.07,2.499,2.631,2.651,2.464,2.341,1.762,1.684,1.782,1.68,1.291,0.859,4.55,4.787,4.259,3.583,4.6,3.243,0.924,0.882,0.872,0.89,0.979,0.963,0.893,0.941,0.919,0.548,0.631,3.267,4.018,3.696,2.364,1.512,1.118,1.224,1.414,1.908,2.975,3.591,3.587,3.153,2.176,0.833,0.743,2.586,1.595
13.0,0.902,1.094,2.635,3.062,3.665,3.904,3.704,3.858,3.474,4.243,4.523,3.482,2.246,1.469,1.145,1.102,1.172,1.1,1.072,0.885,0.74,2.368,4.409,2.117,3.747,3.957,4.654,5.926,6.674,6.649,4.814,2.752,1.337,1.196,1.379,1.627,1.572,1.537,1.739,2.346,3.298,3.866,4.498,5.196,5.229,4.8,4.218,3.595,2.721,2.265,2.093,2.307,3.614,2.569,2.18,1.137,0.883,0.726,1.147,3.566,5.237,5.275,6.169,6.882,6.786,6.473,5.588,4.242,2.715,1.927,3.289,4.304,4.434,3.338,1.448,1.669,1.818,1.907,1.861,2.107,2.436,2.535,2.628,2.378,2.292,2.174,1.884,1.876,1.681,1.466,1.68,5.33,5.615,4.812,3.843,4.821,4.26,1.555,0.888,0.876,0.91,1.18,1.264,1.19,1.165,1.015,0.705,0.672,3.384,3.857,3.843,2.605,1.964,1.59,1.798,1.769,2.308,3.165,3.535,3.494,3.11,2.469,0.904,0.824,2.834,1.605
14.0,0.986,1.763,2.674,3.121,3.586,3.89,3.865,4.098,3.906,4.067,4.274,3.62,2.456,1.701,1.389,1.303,1.274,1.275,1.253,1.02,0.851,2.237,5.938,3.533,4.486,4.385,5.086,6.043,6.908,6.842,5.197,3.317,1.916,1.551,1.568,1.802,1.847,1.682,1.95,2.484,3.279,3.789,4.415,5.137,5.073,4.697,4.183,3.636,3.006,2.466,2.093,2.255,3.517,2.653,2.369,1.571,1.011,0.798,2.348,4.072,5.797,5.652,6.567,6.987,6.957,6.504,5.991,4.437,2.881,2.299,3.747,4.507,4.452,3.531,1.581,1.719,1.905,1.982,1.972,2.118,2.359,2.412,2.573,2.326,2.356,2.38,2.167,1.998,1.807,1.623,3.017,6.036,6.417,6.047,4.337,4.968,4.513,2.16,0.892,0.874,0.918,1.318,1.437,1.356,1.75,1.223,0.834,1.22,3.493,3.732,3.823,3.018,2.337,2.178,2.2,2.088,2.683,3.256,3.51,3.447,3.081,2.562,0.99,0.916,3.062,1.633
15.0,1.052,2.208,2.658,3.176,3.526,3.885,4.085,4.155,4.145,3.908,4.048,3.822,2.787,2.085,1.629,1.501,1.402,1.386,1.456,1.217,0.986,4.052,6.967,5.137,5.73,5.261,5.569,6.208,6.882,6.699,5.597,3.592,2.13,1.852,1.86,1.989,2.068,2.118,2.28,2.649,3.25,3.774,4.265,5.017,4.742,4.646,4.207,3.713,3.133,2.625,2.4,2.406,3.428,2.935,2.704,2.104,1.197,0.954,3.771,5.224,6.264,5.923,6.736,7.091,7.211,6.571,6.222,4.456,2.985,2.876,3.988,4.864,4.709,3.852,1.673,1.795,1.938,2.03,2.117,2.135,2.315,2.317,2.44,2.291,2.39,2.502,2.303,2.199,1.985,1.711,4.202,6.678,7.043,6.818,5.033,5.362,5.438,3.014,4.707,0.874,0.923,1.553,1.653,1.565,2.579,1.481,1.026,2.16,3.452,3.681,3.791,3.164,2.67,2.582,2.556,2.451,2.929,3.283,3.429,3.315,3.065,2.584,1.074,0.918,3.348,1.681
16.0,1.193,2.504,2.788,3.098,3.404,3.943,4.208,4.124,4.143,3.78,3.845,3.786,3.068,2.321,1.883,1.727,1.677,1.671,1.721,1.759,1.223,6.284,7.778,6.198,6.824,6.078,6.035,6.364,6.704,6.619,6.025,3.757,2.559,2.144,2.023,2.206,2.243,2.408,2.704,2.832,3.345,3.728,4.139,4.856,4.415,4.529,4.134,3.704,3.244,2.884,2.638,2.485,3.44,3.069,2.887,2.47,1.694,1.402,4.097,5.951,6.742,6.192,6.871,7.539,7.262,6.9,6.402,5.033,3.723,3.276,4.208,5.247,4.964,4.237,1.983,1.876,1.996,2.054,2.232,2.188,2.213,2.246,2.334,2.294,2.494,2.602,2.458,2.324,2.119,2.252,4.873,6.927,8.032,7.714,5.794,5.512,5.519,3.794,6.954,0.893,1.167,1.704,1.788,2.037,3.283,2.25,1.472,2.752,3.407,3.636,3.764,3.421,2.992,2.871,2.759,2.753,3.05,3.332,3.378,3.256,3.06,2.737,2.131,0.897,3.62,1.769
17.0,1.788,2.49,2.828,3.095,3.379,3.85,4.191,4.185,4.136,3.657,3.71,3.773,3.406,2.493,2.139,1.876,1.797,1.932,2.126,2.617,1.599,7.244,8.387,6.912,7.748,6.811,6.376,6.367,6.568,6.491,6.272,4.228,2.83,2.383,2.181,2.289,2.331,2.581,2.862,2.883,3.375,3.768,4.047,4.703,4.143,4.342,4.058,3.65,3.346,3.093,2.772,2.623,3.632,3.074,3.006,2.727,2.237,2.366,4.663,6.437,7.201,6.544,6.975,8.114,7.217,7.106,6.798,5.666,4.075,3.497,4.494,5.455,5.32,4.607,2.302,1.947,2.048,2.181,2.299,2.225,2.152,2.171,2.253,2.265,2.548,2.651,2.65,2.476,2.24,2.702,5.365,7.202,8.259,8.273,6.033,5.63,5.708,4.433,8.14,5.258,1.325,1.78,1.947,2.966,3.782,2.933,1.78,2.842,3.324,3.58,3.667,3.529,3.254,3.12,3.011,2.928,3.133,3.399,3.34,3.209,3.03,2.828,2.469,1.003,3.867,1.826
18.0,2.059,2.503,2.883,3.119,3.366,3.758,4.165,4.277,4.125,3.597,3.57,3.722,3.55,2.898,2.351,1.998,1.887,2.113,2.565,2.987,3.21,7.665,9.068,8.18,8.375,7.234,6.698,6.453,6.444,6.615,6.513,4.74,3.169,2.485,2.392,2.364,2.378,2.73,2.979,3.193,3.377,3.756,3.932,4.56,3.974,4.113,3.915,3.617,3.489,3.227,2.936,2.684,4.019,3.239,3.152,2.937,2.549,3.151,5.19,7.034,7.613,6.915,7.591,8.334,7.173,7.715,7.142,5.968,4.31,3.941,4.947,5.884,5.711,4.797,3.029,2.029,2.103,2.247,2.305,2.238,2.143,2.161,2.19,2.316,2.528,2.695,2.735,2.57,2.496,3.533,5.958,7.457,8.593,8.793,6.949,5.834,5.716,4.908,8.941,7.215,1.493,1.955,2.059,4.065,4.281,3.429,2.051,2.967,3.295,3.498,3.567,3.559,3.394,3.258,3.14,3.095,3.252,3.416,3.3,3.158,3.04,2.857,2.529,1.063,4.102,1.946
19.0,2.232,2.574,2.928,3.145,3.355,3.787,4.098,4.215,4.094,3.568,3.487,3.662,3.566,3.107,2.676,2.268,2.139,2.315,2.937,3.149,3.923,8.162,9.616,9.207,8.799,7.576,6.902,6.596,6.483,6.684,6.566,4.974,3.423,2.575,2.439,2.49,2.62,2.865,3.076,3.351,3.483,3.7,3.815,4.392,3.864,3.899,3.749,3.569,3.531,3.318,3.178,2.934,4.584,3.188,3.211,3.124,2.915,4.149,5.702,7.338,8.041,7.604,7.991,8.494,7.202,7.876,7.312,6.205,4.799,4.443,5.358,6.119,6.149,4.922,3.297,2.189,2.176,2.309,2.301,2.257,2.143,2.162,2.179,2.344,2.542,2.701,2.797,2.633,2.573,4.143,6.311,7.693,9.096,9.467,8.254,6.306,5.956,6.553,9.479,8.547,1.638,2.195,2.428,4.13,4.364,3.858,2.318,3.468,3.213,3.393,3.463,3.501,3.53,3.383,3.303,3.228,3.353,3.425,3.269,3.18,3.015,2.869,2.559,1.085,4.309,2.086
20.0,2.338,2.668,2.955,3.229,3.366,3.753,4.011,4.159,4.046,3.619,3.376,3.657,3.561,3.355,2.994,2.539,2.441,2.632,3.075,3.136,5.487,8.584,10.184,9.939,9.275,7.947,7.126,6.843,6.672,6.822,6.812,5.541,3.666,2.751,2.595,2.778,2.894,2.896,3.252,3.586,3.512,3.653,3.746,4.244,3.803,3.745,3.665,3.547,3.544,3.34,3.245,3.185,4.745,3.22,3.251,3.211,3.099,4.667,6.268,7.749,8.782,8.369,8.319,8.584,7.217,7.918,7.441,6.468,5.329,4.98,5.856,6.512,6.425,5.281,3.768,2.295,2.258,2.312,2.304,2.273,2.129,2.154,2.218,2.392,2.6,2.722,2.814,2.766,2.727,4.366,6.624,7.913,9.498,9.913,9.009,7.377,6.323,7.712,9.86,9.192,2.954,2.295,3.263,4.69,4.687,4.085,3.172,4.154,3.183,3.338,3.419,3.483,3.638,3.493,3.415,3.374,3.513,3.491,3.332,3.177,3.025,2.89,2.639,2.059,4.547,2.202
22.0,2.486,2.827,3.109,3.314,3.493,3.792,4.055,4.046,3.972,3.637,3.289,3.732,3.589,3.528,3.452,3.111,2.943,3.046,3.152,3.131,7.074,9.683,11.032,10.786,10.176,8.919,7.862,7.468,7.377,7.357,7.151,6.546,4.302,3.239,3.11,3.27,3.28,3.373,3.544,3.666,3.678,3.571,3.628,3.952,3.677,3.658,3.57,3.622,3.597,3.529,3.453,3.434,5.641,3.425,3.377,3.437,4.009,5.589,7.11,8.557,9.756,9.611,9.003,8.664,7.994,7.973,7.858,7.127,6.42,6.418,7.334,7.738,7.582,6.195,4.83,2.673,2.439,2.374,2.38,2.34,2.177,2.17,2.276,2.484,2.655,2.782,2.915,3.063,3.528,5.334,6.978,8.612,9.815,10.448,10.655,9.084,8.648,10.234,9.913,10.528,6.927,5.292,4.585,5.163,5.223,5.083,5.598,5.971,3.91,3.275,3.373,3.584,3.663,3.719,3.631,3.695,3.836,3.827,3.517,3.256,3.125,2.956,2.75,2.415,5.087,2.491
24.0,2.719,2.98,3.227,3.333,3.56,3.766,4.07,3.907,3.867,3.625,3.292,3.764,3.666,3.628,3.591,3.478,3.333,3.284,3.223,3.627,8.178,10.374,11.978,11.951,10.682,9.568,8.471,8.124,8.121,8.014,7.634,7.254,5.428,3.836,3.507,3.617,3.637,3.696,3.66,3.647,3.676,3.563,3.567,3.759,3.55,3.544,3.528,3.571,3.589,3.631,3.661,3.644,6.485,4.296,4.094,4.169,4.977,6.347,8.025,9.95,10.827,10.566,9.729,8.448,8.808,8.274,8.157,7.643,7.031,7.862,8.585,8.859,8.432,7.076,5.649,3.647,2.668,2.54,2.531,2.516,2.212,2.2,2.361,2.555,2.696,2.86,3.03,3.207,4.562,6.083,7.361,8.755,10.327,11.179,11.892,11.045,10.399,11.283,10.039,11.262,9.337,8.251,6.386,6.015,6.281,6.718,7.336,7.543,5.842,3.253,3.371,3.588,3.651,3.69,3.739,3.801,3.841,3.887,3.658,3.416,3.215,3.061,2.825,2.511,5.591,2.817
26.0,2.884,3.076,3.221,3.427,3.591,3.779,3.92,3.765,3.746,3.607,3.44,3.736,3.682,3.644,3.613,3.561,3.447,3.325,3.238,5.773,9.277,12.109,13.397,13.043,11.43,10.271,9.02,8.668,8.719,8.688,8.432,7.758,6.445,4.966,3.836,3.761,3.776,3.801,3.69,3.639,3.647,3.636,3.51,3.647,3.475,3.487,3.521,3.536,3.608,3.784,4.01,4.636,6.815,5.316,5.027,4.983,5.816,7.648,9.69,11.487,11.91,11.525,10.419,8.726,9.346,9.046,8.526,8.264,7.886,8.729,9.582,9.968,9.449,7.914,6.315,5.013,2.831,2.741,2.683,2.606,2.275,2.307,2.462,3.131,3.493,3.359,3.232,4.016,5.467,6.721,7.865,9.24,10.7,11.67,12.596,12.015,11.733,11.68,10.749,11.698,10.88,10.828,8.399,7.482,8.042,8.361,9.312,8.964,7.439,4.276,3.499,3.558,3.649,3.675,3.712,3.769,3.828,3.88,3.934,3.547,3.306,3.148,2.981,2.704,6.141,3.169
28.0,3.037,3.175,3.339,3.448,3.623,3.9,3.792,3.708,3.676,3.597,3.511,3.66,3.647,3.621,3.585,3.546,3.5,3.449,3.457,7.124,10.191,13.391,14.433,14.201,12.092,11.031,9.779,9.288,9.256,9.513,9.593,8.652,7.469,5.72,4.366,3.95,3.905,3.84,3.792,3.679,3.619,3.638,3.594,3.559,3.422,3.493,3.468,3.468,3.604,4.141,4.782,5.367,7.069,5.997,5.793,5.904,6.689,8.7,11.245,13.093,12.788,11.883,11.031,9.371,9.888,10.18,8.996,8.768,8.974,9.778,10.273,10.668,9.81,8.729,6.874,5.618,3.249,2.849,2.816,2.71,2.434,2.433,2.622,3.894,4.221,3.977,3.72,4.801,6.081,7.112,8.246,9.82,11.116,12.042,13.257,12.527,12.099,11.914,11.219,11.875,11.87,11.926,10.877,9.884,10.116,10.378,10.429,10.165,8.522,6.335,3.495,3.554,3.618,3.664,3.711,3.746,3.787,3.843,3.896,3.631,3.405,3.258,3.052,2.858,6.644,3.495
30.0,3.199,3.309,3.38,3.509,3.749,3.789,3.723,3.662,3.643,3.583,3.888,3.601,3.598,3.59,3.551,3.528,3.501,3.469,4.758,8.307,11.924,14.588,15.146,14.948,12.816,11.799,10.679,9.85,9.992,10.693,10.825,10.046,8.049,6.616,5.326,4.59,4.345,3.996,3.854,3.76,3.646,3.597,3.587,3.485,3.496,3.466,3.434,3.519,4.021,4.653,5.819,6.331,7.318,6.525,6.322,6.671,7.97,9.97,12.933,14.071,13.444,12.318,11.575,10.002,10.52,10.841,9.927,9.368,9.959,10.498,11.244,11.37,10.459,9.08,7.843,6.277,4.596,3.093,2.926,2.806,2.561,2.512,3.476,4.529,5.498,4.572,4.258,5.687,6.674,7.623,8.814,10.176,11.588,12.395,13.934,13.115,12.426,12.033,11.401,12.094,12.335,12.545,12.112,11.942,12.149,12.175,11.706,11.274,9.538,7.301,3.645,3.556,3.599,3.667,3.703,3.713,3.75,3.795,3.85,3.79,3.528,3.288,3.164,2.95,7.166,3.788
32.0,3.306,3.362,3.472,3.617,3.768,3.736,3.72,3.657,3.625,3.574,5.95,3.575,3.58,3.584,3.562,3.721,3.909,3.787,6.318,9.636,13.575,15.097,15.46,15.401,13.582,12.321,11.539,10.819,11.099,11.683,12.042,11.248,9.383,7.61,6.213,5.292,5.144,4.704,3.989,3.815,3.645,3.555,3.53,3.453,3.491,3.431,3.457,3.633,4.234,5.846,6.636,6.751,7.805,6.909,6.856,7.528,9.098,11.304,13.898,14.481,13.907,12.753,12.023,10.584,10.993,11.58,10.602,10.487,10.98,11.316,12.269,12.137,11.063,9.648,8.464,6.801,5.442,3.48,3.133,2.898,2.642,2.587,4.026,5.649,6.162,5.642,4.89,6.315,7.306,8.129,9.238,10.782,12.07,13.042,14.693,13.812,13.026,12.588,11.614,12.54,12.868,12.948,12.888,13.247,13.784,13.813,13.093,12.489,11.016,8.595,5.515,3.55,3.601,3.659,3.68,3.692,3.717,3.76,3.814,3.863,3.546,3.381,3.232,3.042,7.719,4.049
34.0,3.447,3.505,3.621,3.767,3.732,3.722,3.678,3.644,3.616,3.576,7.172,3.567,3.584,3.59,3.872,4.31,4.594,5.357,8.009,11.493,14.391,15.41,15.636,15.711,14.44,12.973,12.464,12.075,12.115,12.819,13.12,12.845,11.113,8.53,6.922,6.044,5.856,5.459,4.85,3.972,3.753,3.577,3.505,3.507,3.459,3.42,3.515,4.081,5.178,6.506,6.932,6.982,8.508,7.123,7.595,8.135,10.052,13.005,15.141,14.513,14.13,13.334,12.459,11.127,11.501,12.315,11.608,11.275,11.476,12.171,13.217,13.012,11.892,10.084,8.878,7.633,6.074,4.667,3.601,3.332,2.693,2.841,4.829,6.54,6.829,6.603,6.168,7.199,7.726,8.886,9.954,11.217,12.838,13.674,15.333,14.489,13.469,12.984,12.063,12.955,13.364,13.521,13.461,14.144,14.704,14.814,14.494,13.917,12.801,9.701,6.613,3.673,3.598,3.643,3.657,3.672,3.695,3.72,3.765,3.818,3.665,3.447,3.283,3.166,8.294,4.28
36.0,3.632,3.655,3.77,3.74,3.722,3.692,3.657,3.636,3.623,4.423,8.204,3.592,3.629,3.753,4.459,4.953,5.461,7.246,9.541,13.294,15.026,15.552,15.805,15.931,15.292,14.003,13.006,12.813,13.12,13.539,13.971,13.981,12.706,9.816,8.053,6.94,6.432,6.226,5.794,4.727,3.987,3.563,3.491,3.472,3.482,3.485,3.717,4.261,5.996,6.961,7.112,7.166,9.293,7.704,7.975,9.302,11.169,14.182,15.365,14.887,14.349,13.851,12.942,11.829,12.031,12.916,12.39,12.238,12.348,13.135,14.165,13.922,12.671,10.882,9.424,8.318,6.69,5.423,4.489,4.027,2.884,3.835,6.069,7.013,7.463,7.681,7.329,8.08,8.647,9.289,10.412,11.999,13.42,14.424,15.722,15.184,14.363,13.671,12.466,13.318,13.813,14.18,14.347,14.944,15.238,15.531,15.532,14.91,14.032,11.496,7.907,4.703,3.612,3.622,3.639,3.661,3.67,3.687,3.735,3.781,3.823,3.523,3.371,3.239,8.889,4.464
38.0,3.814,3.781,3.761,3.737,3.702,3.675,3.653,3.643,3.627,6.236,9.452,3.801,3.842,4.437,5.021,5.779,6.864,8.526,11.054,14.382,15.346,15.685,15.987,16.128,15.878,15.077,13.724,13.682,13.81,14.241,14.419,14.622,14.104,11.646,8.823,7.502,6.972,6.756,6.553,5.757,4.261,3.728,3.55,3.461,3.57,3.588,4.112,5.148,6.652,7.059,7.189,7.379,10.049,8.255,8.703,10.068,12.67,15.334,15.622,15.127,14.505,14.223,13.403,12.268,12.571,13.394,13.182,12.978,12.967,14.035,14.937,14.511,13.375,11.647,9.844,8.882,7.326,6.192,5.14,4.577,3.59,4.316,6.648,7.854,8.348,8.585,8.545,8.771,9.328,10.201,11.303,12.658,14.034,15.317,16.111,15.723,14.845,13.983,12.884,13.59,14.133,14.748,15.045,15.367,15.935,16.157,16.131,15.695,14.876,13.241,9.204,5.993,3.73,3.616,3.614,3.633,3.648,3.665,3.7,3.739,3.776,3.629,3.452,3.326,9.449,4.603
mean,1.691,1.963,2.304,2.816,3.176,2.987,2.986,2.784,2.875,3.675,4.454,2.849,2.360,2.085,2.037,2.012,2.044,2.172,2.617,3.487,4.528,6.129,7.036,6.828,6.839,5.994,6.162,6.456,6.946,6.564,5.814,4.729,3.720,2.979,2.581,2.556,2.576,2.499,2.479,2.501,2.953,3.470,3.799,3.580,3.482,3.214,3.069,2.962,2.785,2.702,2.881,3.099,4.526,3.367,3.075,2.991,3.304,4.077,5.213,6.324,6.993,6.663,7.052,6.620,6.754,7.074,6.153,5.221,4.615,4.753,5.405,5.876,5.650,4.351,3.315,2.921,2.512,2.191,2.001,2.047,2.142,2.172,2.532,2.950,2.880,2.643,2.613,3.017,3.102,3.439,4.433,5.817,7.031,7.276,6.795,6.388,5.786,5.389,5.674,5.404,4.444,4.465,4.249,4.478,4.729,4.550,4.269,4.449,4.469,4.038,3.246,2.550,2.304,2.202,2.202,2.255,2.419,2.635,2.989,3.089,2.568,2.114,1.762,1.430
std dev,1.172,1.176,1.189,0.945,1.044,1.346,1.346,1.568,1.422,1.485,1.913,1.240,1.378,1.432,1.467,1.563,1.710,2.088,2.867,4.175,5.317,5.858,5.996,5.811,4.959,4.707,3.753,3.421,3.279,3.803,4.241,4.463,4.037,3.168,2.436,1.986,1.827,1.774,1.665,1.503,1.086,1.041,1.140,1.510,1.374,1.423,1.384,1.338,1.727,2.102,2.175,2.154,2.553,2.290,2.540,2.968,3.706,4.756,5.361,5.164,4.676,4.455,3.684,3.550,3.353,3.502,3.604,3.797,4.003,4.289,4.536,4.365,3.941,3.721,3.204,2.513,1.829,1.419,1.223,1.046,0.810,0.958,1.443,1.782,2.126,2.224,2.064,2.241,2.706,3.251,3.713,4.082,4.170,4.531,5.387,5.119,5.050,5.117,4.932,5.271,5.188,5.192,5.032,5.037,5.163,5.324,5.406,5.103,4.330,3.352,2.214,1.553,1.355,1.411,1.399,1.342,1.330,1.335,1.202,1.076,1.230,1.216,1.179,1.094
